#Light
2.0 2.0 4.0
0.2 0.0 0.0
0.4 0.4 0.4
0.8 0.2 0.2

#Camera
0.0 4.0 10.0
0.0 1.0 0.0

#MaterialStage
0.5 0.5 0.5 1.0
0.3 0.3 0.3 1.0
0.2 0.2 0.2 1.0
20.0

#MaterialObject
1.0 1.0 1.0 1.0
0.6 0.6 0.6 1.0
1.0 0.0 0.0 1.0
10.0

#MaterialBox
0.6 0.6 0.6 1.0
0.4 0.4 0.4 1.0
0.2 0.5 0.2 1.0
10.0

#Box
-3.0 -3.0 0.0
3.0 -3.0 0.0
3.0 -3.0 -8.0
-3.0 -3.0 -8.0
-3.0 3.0 0.0
-3.0 3.0 -8.0
3.0 3.0 -8.0
3.0 3.0 0.0
6
2 3 0
0 1 2
5 4 0
5 0 3
6 5 3
6 3 2

#StageFile
cylinder.obj

#ObjectFile
suzanne.obj

#StageTransformation
0.0 -1.0 0.0
0.0 0.0 0.0
1.0 1.0 1.0

#ObjectTransformation
0.0 0.0 0.0
0.0 0.0 0.0
1.0 1.0 1.0
